238 230 184
238 230 184
236 228 181
235 227 178
238 228 179
237 225 175
237 225 175
237 227 178
235 225 174
235 225 174
233 224 169
233 223 170
233 224 169
233 223 170
214 202 128
223 212 146
221 211 142
217 203 130
220 208 136
229 217 157
228 217 155
228 218 157
224 213 149
228 217 155
231 217 154
230 218 160
233 221 163
231 219 161
233 224 169
229 217 157
234 221 166
238 228 179
238 230 184
236 228 181
238 230 184
238 231 189
238 230 184
237 229 183
236 228 181
237 227 178
238 228 177
237 225 175
236 224 174
236 226 175
233 224 169
232 225 173
233 223 170
224 213 149
227 216 154
226 215 151
198 186 100
230 218 158
237 225 175