231 111 116
251 113 128
254 110 139
243 86 117
253 140 140
241 131 126
223 98 99
254 112 142
231 92 105
231 100 89
238 84 111
244 80 103
224 87 129
254 143 160
137 33 32
132 15 16
176 28 44
136 27 21
208 90 106
243 82 130
184 104 90
181 59 76
202 79 89
183 68 79
200 73 86
212 108 107
196 56 80
201 50 84
204 74 88
210 92 99
186 68 79
194 77 84
196 55 83
203 62 88
198 79 85
220 130 121
199 82 86
212 84 95
198 58 86
227 151 140
194 51 83
225 103 116
249 129 131
195 55 68
221 104 115
201 78 92
223 84 101
221 108 114
149 21 26
139 32 40
232 91 101
176 55 72