212 179 147
209 171 122
194 147 103
183 128 74
171 117 65
178 130 71
133 87 45
191 139 83
170 129 73
210 178 131
165 127 90
196 167 127
221 188 143
167 126 74
210 171 112
204 165 110
172 121 64
167 120 66
197 146 89
164 121 68
197 157 108
166 123 80
221 180 134
213 172 116
184 133 78
195 148 96
190 139 82
201 149 92
182 136 86
212 170 120
185 146 103
187 141 82
159 115 70
185 132 80
181 130 75
146 100 51
210 169 113
148 97 42
200 158 110
209 173 123
203 171 148
229 201 88
247 222 134
205 169 100
220 193 78
242 226 141
199 168 51
248 224 118
245 220 128
250 225 133
249 223 136
244 219 127
231 209 100
237 213 115
233 209 109
239 214 124
235 211 115
240 217 139
238 213 121
198 150 48
199 151 51
189 152 46
190 157 44
210 177 64
208 173 53
212 181 56
229 203 90
224 198 88
214 192 81
242 223 154
235 224 135
242 225 147
219 196 126
237 212 111
233 207 96
229 206 92
209 173 51
204 170 47
211 178 65
205 164 59
229 205 105
199 158 52
187 148 43
222 188 81
225 201 95
238 215 122
246 223 147
88 89 93
88 95 102
60 61 65
93 98 106
55 59 61
28 30 30
38 40 40
27 28 29
69 74 84
92 92 90
59 61 60
66 69 74
40 43 48
45 47 51
45 48 53
75 78 83
51 56 60
66 69 76
54 57 66
61 62 67
88 89 94
88 89 93
77 77 79
28 28 28
44 44 44
34 34 32
28 28 26
28 28 26
26 26 26
23 23 25
38 38 40
28 28 30
58 59 64
57 58 63
78 78 88
60 63 72
88 88 98
54 59 65
66 67 72
78 81 88
87 90 95
81 82 84
89 93 96
80 81 86
89 89 91
32 32 32
35 35 35
32 33 28
24 24 24
48 48 50
41 41 43
54 59 63
72 77 81
89 92 99