231 111 116
251 113 128
254 110 139
243 86 117
253 140 140
241 131 126
223 98 99
254 112 142
231 92 105
231 100 89
238 84 111
244 80 103
224 87 129
254 143 160
137 33 32
132 15 16
176 28 44
136 27 21
208 90 106
243 82 130
184 104 90
181 59 76
202 79 89
183 68 79
200 73 86
212 108 107
196 56 80
201 50 84
204 74 88
210 92 99
186 68 79
194 77 84
196 55 83
203 62 88
198 79 85
220 130 121
199 82 86
212 84 95
198 58 86
227 151 140
194 51 83
225 103 116
249 129 131
195 55 68
221 104 115
201 78 92
223 84 101
221 108 114
149 21 26
139 32 40
232 91 101
176 55 72
254 177 0
251 171 0
250 175 0
252 166 0
242 153 0
255 194 0
233 140 0
234 128 0
255 170 1
255 185 1
255 180 0
255 201 0
255 177 0
255 122 9
254 154 0
253 147 2
252 193 0
249 198 7
255 136 8
255 134 3
234 86 1
245 144 0
251 131 1
249 146 8
252 155 0
252 191 4
233 115 2
254 143 0
254 127 1
254 148 2
230 136 1
254 169 14
214 94 0
198 85 2
253 130 2
254 158 1
235 140 2
229 104 11
241 120 0
255 134 4
252 132 2
210 68 1
236 107 5
252 153 6
255 143 17
255 146 15
241 104 4
246 137 15
238 230 184
238 230 184
236 228 181
235 227 178
238 228 179
237 225 175
237 225 175
237 227 178
235 225 174
235 225 174
233 224 169
233 223 170
233 224 169
233 223 170
214 202 128
223 212 146
221 211 142
217 203 130
220 208 136
229 217 157
228 217 155
228 218 157
224 213 149
228 217 155
231 217 154
230 218 160
233 221 163
231 219 161
233 224 169
229 217 157
234 221 166
238 228 179
238 230 184
236 228 181
238 230 184
238 231 189
238 230 184
237 229 183
236 228 181
237 227 178
238 228 177
237 225 175
236 224 174
236 226 175
233 224 169
232 225 173
233 223 170
224 213 149
227 216 154
226 215 151
198 186 100
230 218 158
237 225 175