229 201 88
247 222 134
205 169 100
220 193 78
242 226 141
199 168 51
248 224 118
245 220 128
250 225 133
249 223 136
244 219 127
231 209 100
237 213 115
233 209 109
239 214 124
235 211 115
240 217 139
238 213 121
198 150 48
199 151 51
189 152 46
190 157 44
210 177 64
208 173 53
212 181 56
229 203 90
224 198 88
214 192 81
242 223 154
235 224 135
242 225 147
219 196 126
237 212 111
233 207 96
229 206 92
209 173 51
204 170 47
211 178 65
205 164 59
229 205 105
199 158 52
187 148 43
222 188 81
225 201 95
238 215 122
246 223 147