212 179 147
209 171 122
194 147 103
183 128 74
171 117 65
178 130 71
133 87 45
191 139 83
170 129 73
210 178 131
165 127 90
196 167 127
221 188 143
167 126 74
210 171 112
204 165 110
172 121 64
167 120 66
197 146 89
164 121 68
197 157 108
166 123 80
221 180 134
213 172 116
184 133 78
195 148 96
190 139 82
201 149 92
182 136 86
212 170 120
185 146 103
187 141 82
159 115 70
185 132 80
181 130 75
146 100 51
210 169 113
148 97 42
200 158 110
209 173 123
203 171 148