88 89 93
88 95 102
60 61 65
93 98 106
55 59 61
28 30 30
38 40 40
27 28 29
69 74 84
92 92 90
59 61 60
66 69 74
40 43 48
45 47 51
45 48 53
75 78 83
51 56 60
66 69 76
54 57 66
61 62 67
88 89 94
88 89 93
77 77 79
28 28 28
44 44 44
34 34 32
28 28 26
28 28 26
26 26 26
23 23 25
38 38 40
28 28 30
58 59 64
57 58 63
78 78 88
60 63 72
88 88 98
54 59 65
66 67 72
78 81 88
87 90 95
81 82 84
89 93 96
80 81 86
89 89 91
32 32 32
35 35 35
32 33 28
24 24 24
48 48 50
41 41 43
54 59 63
72 77 81
89 92 99