254 177 0
251 171 0
250 175 0
252 166 0
242 153 0
255 194 0
233 140 0
234 128 0
255 170 1
255 185 1
255 180 0
255 201 0
255 177 0
255 122 9
254 154 0
253 147 2
252 193 0
249 198 7
255 136 8
255 134 3
234 86 1
245 144 0
251 131 1
249 146 8
252 155 0
252 191 4
233 115 2
254 143 0
254 127 1
254 148 2
230 136 1
254 169 14
214 94 0
198 85 2
253 130 2
254 158 1
235 140 2
229 104 11
241 120 0
255 134 4
252 132 2
210 68 1
236 107 5
252 153 6
255 143 17
255 146 15
241 104 4
246 137 15